1 0.00 33 19 0.00 34 28 Y
2 0.07 32 25 0.04 36 28 Y
3 1.11 30 22 0.84 30 26 Y
4 0.00 29 -1 0.00 29 19 Y
5 0.00 25 4 0.00 30 16 Y
6 0.00 30 14 0.00 35 24 Y
7 0.00 37 21 0.02 44 26 Y
8 0.04 37 22 0.05 38 24 Y
9 0.02 29 23 0.01 31 24 Y
10 0.05 30 27 0.09 33 29 Y
11 0.34 36 29 0.18 39 29 Y
12 0.06 32 25 0.04 33 27 Y
13 0.18 33 29 0.04 34 31 Y
14 0.02 34 15 0.00 39 26 Y
15 0.02 53 29 0.06 51 38 Y
16 0.00 45 24 0.03 44 23 Y
17 0.00 25 0 0.04 25 13 Y
18 0.00 28 2 0.00 34 14 Y
19 0.00 32 26 0.00 36 28 Y
20 0.45 27 17 0.35 29 19 Y
21 0.00 26 19 0.02 27 19 Y
22 0.00 28 9 0.01 29 17 Y
23 0.70 24 20 0.35 27 22 Y
24 0.00 26 -6 0.08 24 2 Y
25 0.00 9 -13 0.00 11 4 Y
26 0.00 22 -13 0.00 21 5 Y
27 0.00 17 -11 0.00 19 7 Y
28 0.00 26 -4 0.00 26 8 Y
29 0.01 27 -4 0.01 28 14 Y
30 0.03 30 11 0.01 31 14 Y
31 0.05 34 23 0.13 38 23 Y
